inputparams: (9.756085535312154, 40.0, 1e-16, 4, 0, 1, 0.04547569033620245)

x
[ 0.2561749   0.26583488  0.27585912  0.28626136  0.29705586  0.3082574
  0.31988134  0.33194359  0.3444607   0.35744981  0.37092871  0.38491589
  0.39943051  0.41449244  0.43012235  0.44634163  0.46317252  0.48063807
  0.49876223  0.51756982  0.53708662  0.55733937  0.57835582  0.60016477
  0.62279611  0.64628083  0.67065114  0.69594041  0.7221833   0.74941577
  0.77767514  0.80700013  0.83743092  0.86900921  0.90177828  0.93578301
  0.97107002  1.00768765  1.04568607  1.08511736  1.12603554  1.16849669
  1.21255899  1.25828281  1.30573081  1.354968    1.40606186  1.45908239
  1.51410225  1.57119682  1.63044435  1.69192602  1.75572606  1.82193192
  1.8906343   1.96192735  2.03590875  2.11267988  2.19234595  2.2750161
  2.36080362  2.44982606  2.54220541  2.63806825  2.73754593  2.84077477
  2.94789622  3.05905707  3.17440962  3.29411196  3.41832809  3.54722823
  3.680989    3.8197937   3.96383252  4.11330283  4.26840945  4.42936491
  4.59638976  4.76971288  4.94957176  5.13621285  5.32989191  5.53087431
  5.73943547  5.95586117  6.18044796  6.41350359  6.6553474   6.9063108
  7.16673765  7.43698481  7.71742261  8.0084353   8.31042165  8.62379546
  8.94898614  9.28643929  9.63661729 10.        ]

z
[1.         1.02201675 1.04439574 1.06714581 1.09027589 1.1137954
 1.13771342 1.16203937 1.18678279 1.21195336 1.2375608  1.26361512
 1.29012646 1.3171051  1.34456144 1.37250605 1.40094963 1.42990297
 1.45937705 1.48938324 1.51993289 1.55103747 1.58270832 1.6149587
 1.64779989 1.68124279 1.71530169 1.74998867 1.78531656 1.82129838
 1.8579473  1.89527675 1.93330012 1.97203121 2.01148429 2.05167327
 2.09261282 2.13431706 2.17680096 2.22007961 2.26416816 2.30908184
 2.35483638 2.40144754 2.44893139 2.49730416 2.54658244 2.5967832
 2.64792356 2.70002089 2.75309291 2.80715754 2.86223292 2.91833756
 2.97549018 3.03370984 3.09301587 3.15342793 3.21496598 3.2776503
 3.3415016  3.40654088 3.47278945 3.54026913 3.60900204 3.67901076
 3.75031829 3.82294806 3.89692396 3.97227036 4.04901214 4.12717466
 4.20678381 4.28786605 4.37044826 4.45455805 4.54022349 4.62747332
 4.71633731 4.80684642 4.89903227 4.9929271  5.08856378 5.18597585
 5.2851975  5.38626358 5.48920963 5.59407187 5.70088719 5.80969322
 5.92052825 6.03343133 6.14844222 6.26560142 6.38495016 6.50653044
 6.63038504 6.7565575  6.88509216 7.01603419]

T_LCDM
[12.53749082 12.30813475 12.08295148 11.86186682 11.64480773 11.43170234
 11.22248017 11.01707974 10.81546522 10.61757325 10.42332387 10.23265063
 10.04548603  9.86176396  9.6814197   9.50438989  9.33061247  9.16002664
  8.99257284  8.82819271  8.66682905  8.50842579  8.35292798  8.20028173
  8.0504342   7.90333359  7.75892909  7.61717086  7.47801003  7.34139864
  7.20728967  7.07563698  6.94639529  6.81952018  6.69496807  6.5726962
  6.45266261  6.3348261   6.21914628  6.10558348  5.99409877  5.88465396
  5.7772116   5.67173526  5.56818723  5.46654469  5.36679419  5.26890068
  5.17282806  5.07854099  4.98600487  4.89518582  4.80605068  4.71856696
  4.63270283  4.54842712  4.46570928  4.38451937  4.30482806  4.22660659
  4.14982678  4.074461    4.00048217  3.92786373  3.85657965  3.78660441
  3.71791299  3.65048087  3.584284    3.51929881  3.45550218  3.39287148
  3.3313845   3.27101949  3.21175509  3.15357015  3.09644536  3.04036322
  2.98534338  2.93136899  2.87841669  2.82646379  2.77548824  2.72546862
  2.67638413  2.62821458  2.58094032  2.5345423   2.48900199  2.4443014
  2.40042305  2.35734994  2.31506557  2.27355386  2.23279921  2.19278641
  2.15350068  2.11492761  2.07705319  2.03986374]

T
[9.75608554 9.61023404 9.46785533 9.32878242 9.19285814 9.05993404
 8.92987093 8.80254699 8.67787615 8.55574704 8.43603063 8.3186198
 8.20341022 8.09030315 7.97920509 7.87002746 7.76268627 7.65710177
 7.55319833 7.45090436 7.35015166 7.25087542 7.15301374 7.05650957
 6.96130653 6.86735063 6.77459352 6.68298706 6.59248611 6.50304779
 6.41463146 6.32719864 6.24071264 6.15513901 6.07044562 5.98660145
 5.90357806 5.82134774 5.73988533 5.65916746 5.57917204 5.49987841
 5.42126812 5.34332435 5.26602939 5.18938647 5.11341257 5.03809532
 4.96342131 4.88937885 4.81595807 4.7431506  4.67094954 4.59934981
 4.52834765 4.45794087 4.38812871 4.31891181 4.25029222 4.18227315
 4.11485927 4.04805639 3.98187113 3.91631158 3.85138651 3.78710559
 3.72347931 3.66051872 3.59823544 3.53664149 3.47574913 3.41557077
 3.3561188  3.29740559 3.23944263 3.18224129 3.12581391 3.07017416
 3.01538512 2.96145772 2.90839236 2.85618862 2.80484533 2.75436034
 2.70473058 2.65595194 2.6080193  2.5609265  2.51466641 2.46923092
 2.42461096 2.38079672 2.33777759 2.2955423  2.254079   2.21337539
 2.17341879 2.13419622 2.09569456 2.05790058]

S
[1.         1.0201596  1.04079254 1.06190299 1.08349458 1.10557154
 1.12813634 1.15119158 1.17473846 1.1987786  1.22331182 1.24833781
 1.27385554 1.29986299 1.32635726 1.35333447 1.38078968 1.40871656
 1.4371078  1.46595567 1.49525052 1.52498122 1.5551341  1.58570046
 1.61666232 1.64799809 1.67969624 1.71173494 1.74409275 1.77674649
 1.80967124 1.84284045 1.8762249  1.90979442 1.94351831 1.9773617
 2.01129036 2.04526514 2.07924797 2.11319897 2.14707608 2.18083501
 2.21443181 2.24782027 2.28095381 2.3137843  2.34626319 2.37834155
 2.40996968 2.44109816 2.4716783  2.50166172 2.53100057 2.55964898
 2.58756209 2.61469712 2.64101347 2.66647309 2.69104087 2.71468465
 2.73737633 2.7590915  2.77980901 2.79951334 2.81819264 2.83584003
 2.85245369 2.86803643 2.8825962  2.89614587 2.9087031  2.92029025
 2.93093417 2.94066637 2.94952039 2.95753554 2.96475261 2.97121558
 2.97697003 2.98206299 2.98654271 2.99045751 2.99385581 2.99678511
 2.99929194 3.00142105 3.00321525 3.00471491 3.00595789 3.0069791
 3.00781035 3.00848069 3.00901595 3.00943899 3.0097698  3.01002566
 3.01022128 3.01036909 3.0104794  3.01056093]

rho_rad
[241362.88412958 227182.10429073 213955.16966937 201605.15207959
 190062.44904237 179263.95352964 169152.42665024 159675.78562616
 150786.40032864 142441.26141384 134601.01417152 127229.6548672
 120294.22186138 113764.49388408 107612.72917723 101813.43504008
  96343.15675258  91180.28815694  86304.91156813  81698.65390028
  77344.53040576  73226.83233454  69331.00647517  65643.63635027
  62152.19266194  58845.03391467  55711.44672901  52741.38926147
  49925.53253675  47255.18440221  44722.23932949  42319.13373005
  40038.79475923  37874.61718875  35820.42923427  33870.43307106
  32019.21100773  30261.65797894  28592.99853861  27008.74579531
  25504.67237086  24076.79440748  22721.36783606  21434.85639723
  20213.91929962  19055.43937209  17956.49292311  16914.2404848
  15925.98515254  14989.1722604   14101.37976749  13260.30648437
  12463.76370329  11709.67202924  10996.04901191  10321.00575204
   9682.73985628   9079.53006489   8509.73144979   7971.76936475
   7464.13806406   6985.39421896   6534.15223159   6109.08571301
   5708.91963807   5332.43004177   4978.44150993   4645.82404662
   4333.49190757   4040.40147618   3765.54970694   3507.97266338
   3266.74436569   3040.97603978   2829.81258936   2632.43613633
   2448.06207087   2275.94032866   2115.37365532   1965.67033563
   1826.16695402   1696.231864     1575.26473706   1462.69538818
   1357.98321863   1260.6161599    1170.1099697    1086.00728627
   1007.87685689    935.31251654    867.93229697    805.37762408
    747.3121749     693.42099851    643.4095078     597.00248961
    553.94311197    513.99193596    476.92594646    442.53762707]

rho_med
[6.75205122e+05 6.14601346e+05 5.59530852e+05 5.09461194e+05
 4.63917345e+05 4.22479521e+05 3.84755020e+05 3.50399547e+05
 3.19103177e+05 2.90578394e+05 2.64578776e+05 2.40875773e+05
 2.19261845e+05 1.99549370e+05 1.81568319e+05 1.65165143e+05
 1.50200245e+05 1.36546271e+05 1.24088514e+05 1.12724542e+05
 1.02359451e+05 9.29042322e+04 8.42814600e+04 7.64188046e+04
 6.92504022e+04 6.27176595e+04 5.67652928e+04 5.13435285e+04
 4.64066984e+04 4.19130945e+04 3.78246016e+04 3.41063565e+04
 3.07266248e+04 2.76564853e+04 2.48691371e+04 2.23399911e+04
 2.00469637e+04 1.79692838e+04 1.60880083e+04 1.43863172e+04
 1.28483367e+04 1.14593851e+04 1.02064502e+04 9.07743043e+03
 8.06108333e+03 7.14721825e+03 6.32656817e+03 5.59058935e+03
 4.93132926e+03 4.34171999e+03 3.81522506e+03 3.34578332e+03
 2.92793735e+03 2.55664827e+03 2.22735739e+03 1.93586838e+03
 1.67836181e+03 1.45136195e+03 1.25171019e+03 1.07651024e+03
 9.23147513e+02 7.89250434e+02 6.72650638e+02 5.71403985e+02
 4.83747977e+02 4.08090407e+02 3.43001889e+02 2.87190409e+02
 2.39505023e+02 1.98912168e+02 1.64489168e+02 1.35415575e+02
 1.10964184e+02 9.04884557e+01 7.34202951e+01 5.92609393e+01
 4.75728363e+01 3.79749400e+01 3.01358175e+01 2.37692587e+01
 1.86291671e+01 1.45046268e+01 1.12161331e+01 8.61167491e+00
 6.56323115e+00 4.96373129e+00 3.72416456e+00 2.77104450e+00
 2.04415827e+00 1.49450319e+00 1.08252936e+00 7.76577293e-01
 5.51532117e-01 3.87642200e-01 2.69519580e-01 1.85296136e-01
 1.25913652e-01 8.45307658e-02 5.61072160e-02 3.68686978e-02]

rho_DM
[0. 0. 0. 0. 0. 0. 0. 0. 0. 0. 0. 0. 0. 0. 0. 0. 0. 0. 0. 0. 0. 0. 0. 0.
 0. 0. 0. 0. 0. 0. 0. 0. 0. 0. 0. 0. 0. 0. 0. 0. 0. 0. 0. 0. 0. 0. 0. 0.
 0. 0. 0. 0. 0. 0. 0. 0. 0. 0. 0. 0. 0. 0. 0. 0. 0. 0. 0. 0. 0. 0. 0. 0.
 0. 0. 0. 0. 0. 0. 0. 0. 0. 0. 0. 0. 0. 0. 0. 0. 0. 0. 0. 0. 0. 0. 0. 0.
 0. 0. 0. 0.]

gs
[80.86186076 80.8467766  80.83223371 80.81820217 80.80465419 80.79156383
 80.77889974 80.76636721 80.75281213 80.73800036 80.72231749 80.70573349
 80.68830105 80.67006959 80.65108441 80.63138704 80.61101558 80.59000495
 80.56838723 80.54619189 80.52344598 80.50017435 80.47639972 80.45214346
 80.4274247  80.40226091 80.37666897 80.35066389 80.32425968 80.2974693
 80.27030477 80.24277729 80.21489722 80.18667431 80.15811789 80.1292365
 80.10003853 80.07053161 80.04072338 80.01062128 79.98023244 79.94956381
 79.91861848 79.88738185 79.85595869 79.82354936 79.78872662 79.75143938
 79.71175193 79.66972739 79.62542774 79.57891395 79.53024629 79.47948481
 79.42668937 79.37192002 79.31523718 79.25670186 79.19637589 79.13432195
 79.07060403 79.00528729 78.938438   78.87012424 78.8004153  78.72938201
 78.65709676 78.58363327 78.50906667 78.43347331 78.35693064 78.279517
 78.20131147 78.12239373 78.04284696 77.96277916 77.88215066 77.80076867
 77.71449947 77.62292276 77.52635621 77.42511097 77.31949133 77.20979379
 77.09630669 76.97930944 76.85907205 76.73585465 76.60990719 76.48146901
 76.35076867 76.21802412 76.08344238 75.94721986 75.80954247 75.67058593
 75.53051609 75.38948935 75.24765305 75.10514611]

grho
[80.98220524 80.96780503 80.95402232 80.94082153 80.92816967 80.91603611
 80.90438615 80.89295611 80.88073346 80.86750825 80.85361088 80.83901002
 80.82374683 80.80785994 80.79138475 80.77435367 80.75679637 80.73874002
 80.72020955 80.70122783 80.68181581 80.6619927  80.64177606 80.62118237
 80.60022633 80.57892135 80.55728041 80.53531497 80.51303573 80.4904526
 80.4675747  80.44441056 80.42096803 80.3972545  80.37327703 80.34904211
 80.32455606 80.29982466 80.2748537  80.24964883 80.22421547 80.1985589
 80.17268092 80.14656716 80.12031228 80.0931851  80.06388091 80.03235131
 79.99865325 79.96284256 79.92497402 79.88510144 79.84327799 79.79955659
 79.75398995 79.70663094 79.65753272 79.60674898 79.55433409 79.50034322
 79.44483268 79.38785983 79.32948306 79.26976235 79.20875882 79.14653498
 79.08315478 79.01868339 78.9531873  78.88673414 78.8193926  78.7512322
 78.68232321 78.61273652 78.54254658 78.47185222 78.40060744 78.32861593
 78.25181014 78.16976858 78.08279482 77.99118647 77.89523475 77.79522372
 77.69142988 77.58412139 77.47355774 77.35998915 77.24365633 77.12479009
 77.0036111  76.88033004 76.75514732 76.62825333 76.49982853 76.37004374
 76.23906043 76.10703108 75.97409955 75.84040168]

gamma
[1.00148827 1.00149701 1.00150668 1.00151722 1.00152857 1.00154066
 1.00155346 1.00156735 1.00158411 1.00160405 1.00162648 1.00165139
 1.00167863 1.00170807 1.0017396  1.00177309 1.00180845 1.00184558
 1.00188439 1.00192481 1.00196675 1.00201016 1.00205497 1.00210111
 1.00214854 1.00219721 1.00224706 1.00229807 1.00235017 1.00240335
 1.00245757 1.00251279 1.00256898 1.00262612 1.00268418 1.00274314
 1.00280296 1.00286364 1.00292514 1.00298745 1.00305054 1.0031144
 1.00317901 1.00324438 1.00331038 1.0033779  1.00344854 1.00352234
 1.00359923 1.00367913 1.00376194 1.0038476  1.00393601 1.0040271
 1.00412079 1.00421699 1.00431563 1.00441662 1.00451988 1.00462532
 1.00473284 1.00484237 1.0049538  1.00506704 1.005182   1.00529857
 1.00541665 1.00553614 1.00565693 1.00577892 1.00590199 1.00602604
 1.00615094 1.0062766  1.00640289 1.00652969 1.00665694 1.0067846
 1.00691391 1.0070449  1.00717741 1.00731126 1.00744629 1.00758233
 1.00771922 1.00785681 1.00799497 1.00813354 1.00827242 1.00841146
 1.00855057 1.00868962 1.00882853 1.00896719 1.00910553 1.00924346
 1.0093809  1.0095178  1.00965408 1.00978968]

G
[1.         0.99981346 0.99963361 0.99946008 0.99929254 0.99913065
 0.99897404 0.99881905 0.99865142 0.99846825 0.9982743  0.99806921
 0.99785363 0.99762816 0.99739338 0.99714978 0.99689786 0.99663802
 0.99637068 0.9960962  0.9958149  0.99552711 0.99523309 0.99493312
 0.99462743 0.99431623 0.99399975 0.99367815 0.99335161 0.9930203
 0.99268436 0.99234394 0.99199915 0.99165012 0.99129697 0.9909398
 0.99057872 0.99021381 0.98984518 0.98947292 0.98909711 0.98871783
 0.98833514 0.98794884 0.98756024 0.98715944 0.9867288  0.98626767
 0.98577687 0.98525716 0.98470932 0.98413409 0.98353223 0.98290448
 0.98225157 0.98157425 0.98087326 0.98014937 0.97940333 0.97863593
 0.97784794 0.97704018 0.97621347 0.97536865 0.97450658 0.97362813
 0.97273419 0.97182569 0.97090354 0.96996869 0.96902211 0.96806475
 0.9670976  0.96612164 0.96513791 0.96414773 0.96315061 0.96214418
 0.96107731 0.9599448  0.95875058 0.95749851 0.95619233 0.95483573
 0.95343226 0.95198538 0.95049843 0.94897463 0.94741707 0.9458287
 0.94421236 0.94257074 0.9409064  0.93922177 0.93751914 0.9358007
 0.93406849 0.93232444 0.93057039 0.92880804]