inputparams: (1198454.2374795938, 2000000.0, 1e-16, 1.4, 0, 1, 0.04547569033620245)

x
[2.44269061e-11 3.20009389e-11 4.19234465e-11 5.49226187e-11
 7.19524348e-11 9.42626733e-11 1.23490631e-10 1.61781280e-10
 2.11944683e-10 2.77662215e-10 3.63756734e-10 4.76546517e-10
 6.24308946e-10 8.17887962e-10 1.07148988e-09 1.40372596e-09
 1.83897824e-09 2.40918887e-09 3.15620429e-09 4.13484623e-09
 5.41693497e-09 7.09656001e-09 9.29698516e-09 1.21796945e-08
 1.59562434e-08 2.09037841e-08 2.73854051e-08 3.58767775e-08
 4.70010635e-08 6.15746488e-08 8.06670548e-08 1.05679429e-07
 1.38447372e-07 1.81375647e-07 2.37614661e-07 3.11291664e-07
 4.07813641e-07 5.34264117e-07 6.99923000e-07 9.16947610e-07
 1.20126488e-06 1.57374020e-06 2.06170867e-06 2.70098116e-06
 3.53847240e-06 4.63564394e-06 6.07301464e-06 7.95606983e-06
 1.04230026e-05 1.36548553e-05 1.78888062e-05 2.34355752e-05
 3.07022268e-05 4.02220438e-05 5.26936633e-05 6.90323487e-05
 9.04371584e-05 1.18478942e-04 1.55215620e-04 2.03343213e-04
 2.66393694e-04 3.48994191e-04 4.57206563e-04 5.98972266e-04
 7.84695156e-04 1.02800501e-03 1.34675776e-03 1.76434595e-03
 2.31141540e-03 3.02811428e-03 3.96703945e-03 5.19709646e-03
 6.80855633e-03 8.91968039e-03 1.16853991e-02 1.53086823e-02
 2.00554341e-02 2.62740078e-02 3.44207701e-02 4.50935930e-02
 5.90757303e-02 7.73932985e-02 1.01390582e-01 1.32828685e-01
 1.74014778e-01 2.27971412e-01 2.98658340e-01 3.91263112e-01
 5.12581777e-01 6.71517632e-01 8.79734611e-01 1.15251327e+00
 1.50987222e+00 1.97803719e+00 2.59136573e+00 3.39486859e+00
 4.44751300e+00 5.82655009e+00 7.63318419e+00 1.00000000e+01]

z
[1.00000000e+00 1.14529847e+00 1.31157292e+00 1.50188052e+00
 1.71972381e+00 1.96911602e+00 2.25465715e+00 2.58162021e+00
 2.95605165e+00 3.38488556e+00 3.87607597e+00 4.43875025e+00
 5.08338325e+00 5.82200354e+00 6.66842067e+00 7.63850322e+00
 8.75048745e+00 1.00253417e+01 1.14871890e+01 1.31637946e+01
 1.50871319e+01 1.72940473e+01 1.98271039e+01 2.27398409e+01
 2.60934233e+01 2.99567942e+01 3.44104813e+01 3.95487228e+01
 4.54820223e+01 5.23402219e+01 6.02762292e+01 6.94704932e+01
 8.01364285e+01 9.25269756e+01 1.06942527e+02 1.23740532e+02
 1.43347052e+02 1.66270754e+02 1.93119762e+02 2.24621913e+02
 2.61649166e+02 3.05246842e+02 3.56668710e+02 4.17419006e+02
 4.89302668e+02 5.74485544e+02 6.75566150e+02 7.95661610e+02
 9.38510348e+02 1.10859469e+03 1.31128781e+03 1.55302918e+03
 1.84153446e+03 2.18604678e+03 2.59763829e+03 3.08956957e+03
 3.67771980e+03 4.38110814e+03 5.22250754e+03 6.22917889e+03
 7.43376872e+03 8.87536274e+03 1.06007406e+04 1.26659089e+04
 1.51379144e+04 1.80970024e+04 2.16392252e+04 2.58795498e+04
 3.09555657e+04 3.70319158e+04 4.43055889e+04 5.30122361e+04
 6.34336804e+04 7.59068435e+04 9.08343218e+04 1.08696913e+05
 1.30068339e+05 1.55632517e+05 1.86203599e+05 2.22749062e+05
 2.66415970e+05 3.18560210e+05 3.80778215e+05 4.54940181e+05
 5.43222592e+05 6.48137057e+05 7.72550836e+05 9.19694392e+05
 1.09314730e+06 1.29679727e+06 1.53477418e+06 1.81137225e+06
 2.13099562e+06 2.49821291e+06 2.91797339e+06 3.39596752e+06
 3.93913823e+06 4.55620557e+06 5.25813064e+06 6.05795314e+06]

T_LCDM
[1.20463638e+06 1.05248390e+06 9.19548812e+05 8.03404778e+05
 7.01930470e+05 6.13272689e+05 5.35812730e+05 4.68136743e+05
 4.09008624e+05 3.57348545e+05 3.12213402e+05 2.72779251e+05
 2.38325844e+05 2.08223982e+05 1.81924150e+05 1.58946233e+05
 1.38870535e+05 1.21330435e+05 1.06005759e+05 9.26167171e+04
 8.09187647e+04 7.06982831e+04 6.17687225e+04 5.39670357e+04
 4.71507313e+04 4.11953372e+04 3.59921631e+04 3.14461882e+04
 2.74743841e+04 2.40042258e+04 2.09723830e+04 1.83234786e+04
 1.60091363e+04 1.39871023e+04 1.22204705e+04 1.06769708e+04
 9.32841665e+03 8.15019434e+03 7.12078977e+03 6.22140156e+03
 5.43560829e+03 4.74906780e+03 4.14924031e+03 3.62517160e+03
 3.16729649e+03 2.76725371e+03 2.41773682e+03 2.11236572e+03
 1.84556451e+03 1.61246072e+03 1.40879735e+03 1.23085537e+03
 1.07538687e+03 9.39550029e+02 8.20850203e+02 7.17135318e+02
 6.26535974e+02 5.47450859e+02 4.78388424e+02 4.18121311e+02
 3.65801920e+02 3.20225615e+02 2.80463957e+02 2.45964272e+02
 2.15884732e+02 1.89553249e+02 1.66531907e+02 1.46342650e+02
 1.28583212e+02 1.12920088e+02 9.90949822e+01 8.69033090e+01
 7.61645294e+01 6.67050519e+01 5.83820610e+01 5.10747626e+01
 4.46683754e+01 3.90571430e+01 3.41454611e+01 2.98480728e+01
 2.60893617e+01 2.28024455e+01 1.99285355e+01 1.74160334e+01
 1.52196999e+01 1.32999005e+01 1.16221641e+01 1.01567919e+01
 8.87678348e+00 7.75856318e+00 6.78159156e+00 5.92796021e+00
 5.18214173e+00 4.53144598e+00 3.96371971e+00 3.46805759e+00
 3.03496774e+00 2.65714449e+00 2.32799987e+00 2.04041960e+00]

T
[1.19845424e+06 1.04643344e+06 9.13790166e+05 7.98017756e+05
 6.96944729e+05 6.08687847e+05 5.31611232e+05 4.64292245e+05
 4.05490730e+05 3.54126052e+05 3.09256237e+05 2.70059385e+05
 2.35817692e+05 2.05904464e+05 1.79772901e+05 1.56945297e+05
 1.37004130e+05 1.19584738e+05 1.04368702e+05 9.10777629e+04
 7.94686954e+04 6.93290302e+04 6.04730195e+04 5.27281989e+04
 4.59524446e+04 4.00270280e+04 3.48471508e+04 3.03204142e+04
 2.63655755e+04 2.29113459e+04 1.98952624e+04 1.72625536e+04
 1.49652814e+04 1.29615155e+04 1.12145905e+04 9.69240447e+03
 8.36689008e+03 7.21350747e+03 6.21076915e+03 5.33985634e+03
 4.58428644e+03 3.92961276e+03 3.36314661e+03 2.87374488e+03
 2.45161807e+03 2.08814944e+03 1.77575491e+03 1.50776373e+03
 1.27830414e+03 1.08221279e+03 9.14957353e+02 7.72565738e+02
 6.51559968e+02 5.48906747e+02 4.61968736e+02 3.88452639e+02
 3.26395898e+02 2.74145275e+02 2.30170822e+02 1.93222416e+02
 1.62373920e+02 1.36548518e+02 1.14918032e+02 9.69199641e+01
 8.19012860e+01 6.93534901e+01 5.89211274e+01 5.02668919e+01
 4.31149762e+01 3.72347509e+01 3.24362353e+01 2.85515367e+01
 2.54182113e+01 2.28767225e+01 2.07892708e+01 1.90441351e+01
 1.75525494e+01 1.62487461e+01 1.50862626e+01 1.40333174e+01
 1.30681143e+01 1.21752365e+01 1.13436271e+01 1.05649415e+01
 9.83250392e+00 9.14064766e+00 8.48456695e+00 7.86034216e+00
 7.26313196e+00 6.68842029e+00 6.13217924e+00 5.59113539e+00
 5.06341258e+00 4.55034270e+00 4.05446344e+00 3.58145092e+00
 3.14002482e+00 2.74058059e+00 2.38923299e+00 2.08417337e+00]

S
[  1.           1.           1.           1.           1.
   1.           1.           1.           1.           1.
   1.           1.           1.           1.           1.
   1.           1.           1.           1.           1.
   1.           1.           1.           1.           1.
   1.           1.           1.           1.00000001   1.00000001
   1.00000001   1.00000002   1.00000003   1.00000005   1.00000007
   1.00000011   1.00000017   1.00000026   1.00000039   1.00000059
   1.0000009    1.00000137   1.00000208   1.00000318   1.00000487
   1.00000747   1.00001146   1.00001761   1.00002712   1.00004182
   1.00006459   1.00009989   1.0001547    1.00023988   1.00037241
   1.00057882   1.00090053   1.00140222   1.00218488   1.00340625
   1.00531117   1.00827942   1.01290154   1.02008783   1.03123686
   1.04849922   1.07515399   1.11615274   1.17890755   1.27435913
   1.41839115   1.63359019   1.95150606   2.41572642   3.08627727
   4.04563636   5.40726797   7.32738448  10.02075292  13.78148449
  19.00968158  26.24471976  36.20453979  49.82815894  68.31416153
  93.14024752 126.03673311 168.86754134 223.36508696 290.65474634
 370.53439457 460.59348828 555.48261427 646.93107429 725.28481434
 782.77968455 817.16930553 832.88509553 837.93156658 838.95653641]

rho_rad
[7.09265356e+25 4.12216373e+25 2.39674389e+25 1.39392975e+25
 8.10846329e+24 4.71714587e+24 2.74431400e+24 1.59653101e+24
 9.28730202e+23 5.40197779e+23 3.14159922e+23 1.82670264e+23
 1.06191572e+23 6.17166907e+22 3.58584541e+22 2.08276902e+22
 1.20930504e+22 7.01873892e+21 4.07184877e+21 2.36109200e+21
 1.36836272e+21 7.92560454e+20 4.58746379e+20 2.65124975e+20
 1.52920863e+20 8.80238998e+19 5.05602927e+19 2.89756443e+19
 1.65651131e+19 9.44500180e+18 5.36970381e+18 3.04314998e+18
 1.71868163e+18 9.67013521e+17 5.41869196e+17 3.02300314e+17
 1.67850277e+17 9.27265497e+16 5.09507899e+16 2.78381103e+16
 1.51203390e+16 8.16252739e+15 4.37884825e+15 2.33411463e+15
 1.23620937e+15 6.50545555e+14 3.40185279e+14 1.76794170e+14
 9.13318366e+13 4.69124126e+13 2.39659291e+13 1.21811425e+13
 6.16200515e+12 3.10360719e+12 1.55714971e+12 7.78512273e+11
 3.88009971e+11 1.92870502e+11 9.56562210e+10 4.73487476e+10
 2.33816988e+10 1.15328242e+10 5.68838425e+09 2.80633255e+09
 1.38879253e+09 6.92004335e+08 3.48597067e+08 1.78702036e+08
 9.39914454e+07 5.11818600e+07 2.90976796e+07 1.73723292e+07
 1.09090983e+07 7.18136615e+06 4.92119235e+06 3.48075654e+06
 2.52006217e+06 1.85448626e+06 1.37952771e+06 1.03320682e+06
 7.76830104e+05 5.85041913e+05 4.40578471e+05 3.31281147e+05
 2.48368670e+05 1.85384547e+05 1.37529361e+05 1.01207083e+05
 7.36849826e+04 5.29055604e+04 3.73152672e+04 2.57365700e+04
 1.72712454e+04 1.12261528e+04 7.04265957e+03 4.26302687e+03
 2.50239060e+03 1.43999231e+03 8.22553126e+02 4.70251589e+02]

rho_med
[2.21651668e+24 1.31699940e+24 7.85571598e+23 4.70440497e+23
 2.82868737e+23 1.70777277e+23 1.03526766e+23 6.30147343e+22
 3.85083739e+22 2.36221891e+22 1.45437298e+22 8.98598564e+21
 5.57059048e+21 3.46413671e+21 2.16039396e+21 1.35089591e+21
 8.46811278e+20 5.32013470e+20 3.34953027e+20 2.11276258e+20
 1.33489887e+20 8.44720013e+19 5.39057223e+19 3.57314342e+19
 2.36493677e+19 1.56288385e+19 1.03119421e+19 6.79227587e+18
 4.46573963e+18 2.93025904e+18 1.91855590e+18 1.25317444e+18
 8.16437062e+17 5.30404916e+17 3.43527330e+17 2.21756650e+17
 1.42641614e+17 9.14039346e+16 5.83354109e+16 3.70728485e+16
 2.34560096e+16 1.47726531e+16 9.26012378e+15 5.77690051e+15
 3.58656273e+15 2.21601855e+15 1.36271940e+15 8.34111392e+14
 5.08265928e+14 3.08381561e+14 1.86342054e+14 1.12166637e+14
 6.72759496e+13 4.02176694e+13 2.39692146e+13 1.42458643e+13
 8.44573652e+12 4.99584949e+12 2.94922619e+12 1.73792888e+12
 1.02251548e+12 6.00762503e+11 3.52537677e+11 2.06653852e+11
 1.21024639e+11 7.08184361e+10 4.14097597e+10 2.41978245e+10
 1.41316428e+10 8.24838808e+09 4.81187476e+09 2.80560986e+09
 1.63491836e+09 9.52129794e+08 5.54099657e+08 3.22190410e+08
 1.87149197e+08 1.08567801e+08 6.28781501e+07 3.63396858e+07
 2.09447748e+07 1.20289204e+07 6.87643066e+06 3.90717684e+06
 2.20244764e+06 1.22858564e+06 6.75967554e+05 3.65223484e+05
 1.92648317e+05 9.84373821e+04 4.82186867e+04 2.23284940e+04
 9.59258982e+03 3.72798143e+03 1.26693082e+03 3.59873144e+02
 8.04782833e+01 1.30967711e+01 1.39916468e+00 8.58005699e-02]

rho_DM
[0. 0. 0. 0. 0. 0. 0. 0. 0. 0. 0. 0. 0. 0. 0. 0. 0. 0. 0. 0. 0. 0. 0. 0.
 0. 0. 0. 0. 0. 0. 0. 0. 0. 0. 0. 0. 0. 0. 0. 0. 0. 0. 0. 0. 0. 0. 0. 0.
 0. 0. 0. 0. 0. 0. 0. 0. 0. 0. 0. 0. 0. 0. 0. 0. 0. 0. 0. 0. 0. 0. 0. 0.
 0. 0. 0. 0. 0. 0. 0. 0. 0. 0. 0. 0. 0. 0. 0. 0. 0. 0. 0. 0. 0. 0. 0. 0.
 0. 0. 0. 0.]

gs
[104.50282238 104.49644308 104.4902159  104.48370606 104.47713628
 104.47071794 104.46442203 104.45783936 104.45122621 104.44479004
 104.43838317 104.43172106 104.42504522 104.41856083 104.41207863
 104.40533029 104.39859982 104.392083   104.38551432 104.37873459
 104.37201719 104.36553049 104.35892061 104.35212786 104.3454093
 104.33892173 104.33218972 104.32529279 104.31849691 104.31191223
 104.30500574 104.29803509 104.29122886 104.28454516 104.27755332
 104.27061004 104.26390079 104.25705245 104.250042   104.24315726
 104.23641589 104.22938486 104.22234913 104.21553848 104.20853953
 104.20140769 104.19446494 104.18733853 104.18000723 104.1727618
 104.165477   104.15750991 104.14941491 104.14117967 104.1310642
 104.12032788 104.09103195 103.96968418 103.78920828 103.51523078
 102.82931122 101.8952609  100.78280979  99.19302481  97.33757298
  95.39719494  93.30926975  91.20103412  89.20135412  87.44003485
  85.96497254  84.74589454  83.74668045  82.98812028  82.4441079
  82.04343485  81.74004679  81.50434914  81.31741005  81.16329916
  81.03034571  80.91471693  80.81338646  80.72406903  80.64496791
  80.57462801  80.50433746  80.40510006  80.27860378  80.12773673
  79.95450439  79.76034423  79.53993549  79.21906948  78.7874093
  78.26441338  77.67862476  76.95552618  76.0206036   74.98123573]

grho
[104.50677238 104.50040589 104.49419109 104.48769367 104.48113604
 104.47472931 104.46844424 104.46187144 104.45526719 104.44883901
 104.44243912 104.43578287 104.42911192 104.42263164 104.41615278
 104.40940696 104.40267839 104.39616301 104.38959445 104.38281303
 104.37609279 104.36960254 104.36298771 104.35618857 104.34946285
 104.34296775 104.33622604 104.32931754 104.32250919 104.3159115
 104.30898857 104.30199938 104.29517375 104.28846972 104.28145464
 104.27448711 104.2677536  104.26087961 104.25384218 104.24693046
 104.24016362 104.23311106 104.22605732 104.21923243 104.21224592
 104.20515424 104.19826768 104.19134359 104.18438817 104.17763084
 104.17138382 104.16598326 104.1613453  104.1591306  104.16764178
 104.18267669 104.19032483 104.14594325 104.06669426 103.90505514
 103.34118907 102.52849547 101.52479349 100.0008559   98.1783205
  96.24758961  94.13182132  91.97167712  89.91086439  88.07971431
  86.52977248  85.23902018  84.17519545  83.36269856  82.77524295
  82.33873919  82.00503038  81.74302746  81.53276325  81.35989728
  81.21443748  81.09103413  80.98572694  80.89552858  80.81809963
  80.75155873  80.68781333  80.6011468   80.4926866   80.36467833
  80.21865592  80.05570103  79.87074255  79.59561171  79.2202281
  78.76152507  78.2446205   77.59283167  76.72942851  75.75779228]

gamma
[1.0000378  1.00003792 1.00003804 1.00003816 1.00003828 1.0000384
 1.0000385  1.0000386  1.00003869 1.00003877 1.00003884 1.00003889
 1.00003894 1.00003899 1.00003902 1.00003905 1.00003907 1.00003908
 1.00003909 1.00003907 1.00003905 1.00003902 1.00003897 1.00003891
 1.00003885 1.00003878 1.00003869 1.00003858 1.00003846 1.00003834
 1.00003818 1.00003801 1.00003783 1.00003763 1.00003741 1.00003718
 1.00003695 1.00003671 1.00003645 1.0000362  1.00003595 1.00003575
 1.00003558 1.00003545 1.00003557 1.00003595 1.0000365  1.00003844
 1.00004205 1.00004674 1.00005671 1.00008135 1.00011455 1.00017237
 1.00035126 1.00059881 1.0009539  1.00169529 1.00267355 1.00376586
 1.00497794 1.00621456 1.0073622  1.00814403 1.00863744 1.00891425
 1.00881533 1.00844994 1.00795403 1.00731564 1.00657012 1.00581887
 1.0051168  1.00451364 1.00401648 1.00359937 1.00324178 1.00292841
 1.0026483  1.00242225 1.00227189 1.00217905 1.00213257 1.00212402
 1.00214684 1.00219586 1.00227908 1.00243824 1.00266675 1.00295705
 1.00330377 1.00370305 1.00415901 1.00475318 1.0054935  1.0063517
 1.00728638 1.00828148 1.00932412 1.01035668]

G
[1.         0.99993896 0.99987937 0.99981707 0.99975421 0.99969279
 0.99963254 0.99956955 0.99950627 0.99944468 0.99938337 0.99931962
 0.99925574 0.99919369 0.99913166 0.99906709 0.99900268 0.99894032
 0.99887747 0.99881259 0.99874831 0.99868624 0.99862299 0.99855799
 0.9984937  0.99843162 0.9983672  0.9983012  0.99823617 0.99817316
 0.99810707 0.99804037 0.99797524 0.99791128 0.99784437 0.99777793
 0.99771373 0.9976482  0.99758111 0.99751523 0.99745072 0.99738344
 0.99731612 0.99725095 0.99718397 0.99711573 0.99704929 0.9969811
 0.99691094 0.99684161 0.9967719  0.99669566 0.9966182  0.9965394
 0.9964426  0.99633986 0.99605953 0.99489834 0.99317134 0.99054962
 0.98398597 0.97504793 0.96440275 0.94918991 0.93143487 0.91286716
 0.89288756 0.8727136  0.85357842 0.83672415 0.8226091  0.8109436
 0.801382   0.79412324 0.78891752 0.78508344 0.78218028 0.77992486
 0.77813602 0.77666131 0.77538906 0.7742826  0.77331296 0.77245827
 0.77170134 0.77102825 0.77035563 0.76940601 0.76819556 0.76675189
 0.76509421 0.76323627 0.76112715 0.75805675 0.75392614 0.74892153
 0.74331605 0.73639663 0.72745024 0.71750441]